Binary 

121222124|0
60611062 |0
30305531 |1
15152765 |1
7576382  |0
3788191  |1
1894095  |1
947047   |1
473523   |1
236761   |1
118380   |0
59190    |0
29595    |1
14797    |1
7398     |0
3699     |1
1849     |1
924      |0
462      |0
231      |1
115      |1
57       |1
28       |0
14       |0
7        |1
3        |1
1        |1

(111001110011011001111101100)2

-----------------------------------

Octal

121222024|4
15152765 |5
1894095  |7
236761   |1
29595    |3
3699     |3
462      |6
57       |1
7        |7

(716331754)8

----------------------------------

Hexadecimal

121222124|C
7576382  |E
473523   |3
29595    |B
1849     |9
115      |3
7        |7

(739B3EC)16

------------------------------------

